3.0138621609024936 0.02226953957507063
3.0401438964688188 0.022226406646569944
3.06621082218516 0.02210374956461978
3.0920670480890173 0.022084843787785954
3.117716528629312 0.022055977618719507
3.143163719219842 0.022033339034234732
3.1684130579455654 0.02196148134422586
3.193468487094492 0.02201238475471272
3.21833386673746 0.021945016644133286
3.24301297554843 0.021898907872688597
3.2675095117439534 0.02187898543064592
3.291826525809187 0.021911228225872832
3.3159674243313733 0.021913255735337332
3.339936119154461 0.02189135738295022
3.3637360161957384 0.02188941840553403
3.387370036869669 0.02189289278450605
3.4108406521029124 0.02187281008578669
3.434151334491447 0.02186946413533735
3.4573052568797813 0.02182543907481949
3.4803045750153405 0.021812934520764653
3.5031526819887957 0.02180500666916026
3.5258516847375043 0.021776579629954756
3.548404427525335 0.021800019056813755
3.570813345639542 0.021778508295271205
3.5930807643913916 0.021799390442166843
3.6152094258316243 0.02177992136280248
3.637201164880402 0.021782960940965324
3.659059010069895 0.021777412781509787
3.680784333176791 0.02177919817466572
3.702379379863453 0.02176825720889561
3.7238471101536583 0.021739205161256773
3.7451885890694507 0.021745129501876494
3.7664056713811975 0.021726881263926308
3.787501059502176 0.02172609127849489
3.808476599552246 0.021725332875329954
3.8293339741710635 0.021689677890986508
3.8500744886929144 0.02168386139152318
3.870699960426583 0.021693501118305546
3.891212522445147 0.021699398473220496
3.9116137928736725 0.02168557820305356
3.9319053618064785 0.02168433145436705
3.9520887918400804 0.021703353843930535
3.9721656185980434 0.021703810880769055
3.992137351248184 0.021703029015642944
4.012005473011388 0.021700931587608194
4.03177144166239 0.021696848012803957
4.051436690022291 0.021709130507596472
4.071002626442663 0.021736712367048137
4.090470635281598 0.021734141864268898
4.109842000641542 0.02177522518850619
4.129117643817285 0.021779607793011593
4.148298900573003 0.021788400268011706
4.167387425648341 0.02187784150979594
4.191105571252154 0.022133489608754414
4.219398583212206 0.022493454290979136
4.247492190020443 0.022879470399262157
4.275390811984733 0.023053505277412355
4.303097530074848 0.023055325586580435
4.330616104872584 0.023043811872923394
4.357949937154142 0.023035633693710523
4.385102167559814 0.022963998782547856
4.412076494895132 0.02287392541124622
4.438875477192914 0.022763539008107125
4.465502597552578 0.022604369307265806
4.491960853321043 0.022468945048213017
4.518252546251258 0.022292697567166966
4.544380752834891 0.022162048161356782
4.570348544968273 0.022156704184503523
4.59615845027249 0.022107577020770704
4.621812931558782 0.022118078487030665
4.647314182366831 0.022170216666230463
4.672664689501448 0.022150901926877353
4.697867112017564 0.022098694820131246
4.72292373617689 0.022150255549641423
4.747836804345936 0.022077872073567643
4.77260851602673 0.02219548925407611
4.79724100754032 0.022067685486854966
4.825792104877438 0.02211474571249232
4.8582128726894425 0.022113396134075886
4.8903986527689405 0.02211038800568071
4.92235365106281 0.022123118319640946
4.9540829346461805 0.022165103412463836
4.9855899877833405 0.022062830248525397
5.0168790069016636 0.02218041208163736
5.047954491900853 0.02206504954753259
5.078820143398307 0.02209268757069446
5.109479457287508 0.022075133133663556
5.13993590495668 0.022208148482768485
5.173947668249479 0.022073793547330016
5.211464686712683 0.02212519399085748
5.248683016356756 0.022051760038858732
5.285608948985574 0.022170447481224858
5.322248541156684 0.02206161081247247
